0.00356334106445312
0.000923576416015625
0.0010139833984375
0.00476158325195312
0.00184323291015625
0.0138683037109375
0.00230878686523438
0.0120678237304687
0.0128199858398438
0.00434609008789062
0.0042155732421875
0.0193354421386719
0.00189728955078125
0.000405447021484375
0.00196854614257812
0.0063859111328125
0.0157363549804687
0.0171193891601563
0.01188808984375
0.0267055798339844
0.00854167993164063
0.00920365698242188
0.06195098046875
0.0354721530761719
0.0078264091796875
0.00066293115234375
0.00292987182617187
0.0149465483398438
0.00741936401367187
0.00148743115234375
0.0104310285644531
0.00132243701171875
0.00144661694335937
0.00105743017578125
0.0118969838867188
0.0139469584960938
0.00268227807617187
0.00240422705078125
0.0114838647460937
0.0247808688964844
0.0096547265625
0.00583183447265625
0.011358296875
0.00521418701171875
0.0159743752441406
0.00171831103515625
0.00178737963867187
0.0089190107421875
0.0105223039550781
0.00253609301757812
0.00182705395507813
0.00920855053710938
0.0118535510253906
0.00201309716796875
0.00203403198242188
0.00681042138671875
0.000438057373046875
0.006875548828125
0.00192467529296875
0.0294137109375
0.00810886279296875
0.0241992121582031
0.00313849267578125
0.00738490502929687
0.0240191499023437
0.00125608032226562
0.00101451831054687
0.00365457788085938
0.000752643798828125
0.000145174072265625
0.00206873999023437
0.00608580419921875
0.0198401022949219
0.00130948022460937
0.00705004370117187
0.00248435522460938
0.00662977709960938
0.000634600830078125
0.0010717216796875
0.00424179760742188
0.0055820888671875
0.000365393798828125
0.00139750708007812
0.002459421875
0.00091156494140625
0.000783140869140625
0.00187208715820313
0.0214214201660156
0.007169703125
0.00103420678710938
0.0169784802246094
0.0227713955078125
0.0061613720703125
0.00079551806640625
0.00185398779296875
0.00169529565429688
0.00149052685546875
0.00781944189453125
0.0121477250976562
0.0211983740234375
0.000304533203125
0.00316651123046875
0.001064779296875
0.0161101948242188
0.00759491430664062
0.00485934350585937
0.0131386862792969
0.0027950419921875
0.0177462338867188
0.0015342626953125
0.0087837294921875
0.00052282763671875
0.0100507358398437
0.0101527080078125
0.00989422802734375
0.0396680268554688
0.00482355102539063
0.00321008471679688
0.00665296435546875
0.00170891552734375
0.00198446459960938
0.007001875
0.0036378447265625
0.00110136059570313
0.002037896484375
0.00321357299804687
0.0103460712890625
0.00438897998046875
0.00052370263671875
